479.751732   197.176680   227.765599   273.075616   73.644939   256.478202   100.211036   87.622394   282.301425   34.247944   
411.091462   181.761465   61.053805   116.559707   197.842495   494.374009   27.527294   73.221742   466.038301   107.917722   
419.037579   201.027337   374.149945   344.613889   211.431015   498.734815   151.980245   47.976800   252.290962   472.855306   
400.777764   179.876271   31.644249   132.380327   285.325406   289.510096   126.438175   381.547443   286.911931   159.297423   
392.121942   479.108195   410.523430   207.700033   364.262372   498.437729   247.005364   328.938840   467.362701   258.058809   
469.361355   416.857809   195.044492   14.021543   65.193893   29.492697   414.008037   397.531707   227.555417   227.104491   
22.313300   285.468225   204.400017   492.646390   168.885088   121.916887   38.010004   213.957417   450.250042   405.969301   
171.621389   179.439411   70.416039   193.052573   37.055153   68.956819   138.490876   382.215938   393.454290   380.031065   
280.394276   476.923250   295.147307   178.614642   288.541902   305.458924   195.023082   230.810754   323.723326   327.105412   
481.159855   58.033855   250.378895   490.738285   260.256648   307.219572   51.051967   270.685212   205.890934   131.273887   
13.513382   386.219834   237.785058   475.967762   436.567639   185.794830   109.571203   495.491633   389.304794   420.079871   
60.676117   106.185191   66.400829   267.057196    0.183194   173.261881   65.222507    1.134358   211.780766   330.998398   
229.321927   223.961460   65.596335   97.310519   160.826706   242.534143   108.613712   387.857227   177.685796   196.888526   
